104|0	0.375	0.25	0.0	0.0	0.375
127|0	0.3333333333333333	0.1111111111111111	0.2222222222222222	0.0	0.3333333333333333
1|0	0.6	0.2	0.0	0.0	0.2
2|0	0.2	0.4	0.0	0.2	0.2
3|0	0.6	0.2	0.0	0.0	0.2
4|0	0.4	0.2	0.0	0.0	0.4
5|0	0.4	0.2	0.0	0.0	0.4
6|0	0.2	0.0	0.4	0.4	0.0
7|0	0.4	0.0	0.2	0.0	0.4
8|0	0.2	0.0	0.2	0.0	0.6
9|0	0.0	0.2	0.0	0.0	0.8
10|0	0.6	0.2	0.0	0.0	0.2
11|0	0.6	0.0	0.2	0.2	0.0
12|0	0.6	0.0	0.2	0.2	0.0
13|0	0.4	0.0	0.2	0.2	0.2
14|0	0.0	0.0	0.2	0.2	0.6
15|0	0.4	0.0	0.2	0.2	0.2
16|0	0.2	0.4	0.2	0.2	0.0
17|0	0.2	0.4	0.2	0.2	0.0
18|0	0.2	0.2	0.0	0.0	0.6
19|0	0.4	0.2	0.2	0.2	0.0
20|0	0.2	0.2	0.0	0.0	0.6
21|0	0.4	0.2	0.2	0.0	0.2
22|0	0.2	0.4	0.0	0.2	0.2
23|0	0.2	0.2	0.2	0.2	0.2
24|0	0.4	0.0	0.4	0.2	0.0
25|0	0.2	0.4	0.0	0.2	0.2
26|0	0.4	0.2	0.0	0.2	0.2
27|0	0.2	0.0	0.0	0.0	0.8
28|0	0.2	0.2	0.0	0.0	0.6
29|0	0.2	0.2	0.0	0.0	0.6
30|0	0.2	0.2	0.0	0.0	0.6
31|0	0.0	0.4	0.0	0.0	0.6
32|0	0.4	0.2	0.2	0.0	0.2
33|0	0.6	0.0	0.2	0.0	0.2
34|0	0.0	0.2	0.2	0.2	0.4
35|0	0.2	0.0	0.4	0.0	0.4
36|0	0.2	0.0	0.2	0.0	0.6
37|0	0.2	0.4	0.0	0.2	0.2
38|0	0.2	0.4	0.0	0.2	0.2
39|0	0.6666666666666666	0.0	0.0	0.0	0.3333333333333333
40|0	0.3333333333333333	0.3333333333333333	0.0	0.16666666666666666	0.16666666666666666
41|0	0.16666666666666666	0.16666666666666666	0.16666666666666666	0.0	0.5
42|0	0.5	0.3333333333333333	0.0	0.0	0.16666666666666666
43|0	0.3333333333333333	0.3333333333333333	0.0	0.16666666666666666	0.16666666666666666
44|0	0.3333333333333333	0.3333333333333333	0.16666666666666666	0.16666666666666666	0.0
45|0	0.3333333333333333	0.3333333333333333	0.16666666666666666	0.16666666666666666	0.0
46|0	0.16666666666666666	0.16666666666666666	0.16666666666666666	0.3333333333333333	0.16666666666666666
47|0	0.3333333333333333	0.3333333333333333	0.0	0.16666666666666666	0.16666666666666666
48|0	0.14285714285714285	0.2857142857142857	0.0	0.0	0.5714285714285714
49|0	0.0	0.42857142857142855	0.0	0.0	0.5714285714285714
50|0	0.2857142857142857	0.2857142857142857	0.0	0.2857142857142857	0.14285714285714285
51|0	0.7142857142857143	0.14285714285714285	0.0	0.0	0.14285714285714285
52|0	0.2857142857142857	0.2857142857142857	0.0	0.14285714285714285	0.2857142857142857
53|0	0.2857142857142857	0.2857142857142857	0.0	0.14285714285714285	0.2857142857142857
54|0	0.5714285714285714	0.0	0.14285714285714285	0.0	0.2857142857142857
55|0	0.14285714285714285	0.2857142857142857	0.14285714285714285	0.0	0.42857142857142855
56|0	0.0	0.2857142857142857	0.0	0.0	0.7142857142857143
57|0	0.42857142857142855	0.2857142857142857	0.0	0.14285714285714285	0.14285714285714285
58|0	0.42857142857142855	0.14285714285714285	0.0	0.14285714285714285	0.2857142857142857
59|0	0.7142857142857143	0.14285714285714285	0.0	0.0	0.14285714285714285
60|0	0.14285714285714285	0.2857142857142857	0.0	0.2857142857142857	0.2857142857142857
61|0	0.0	0.14285714285714285	0.0	0.0	0.8571428571428571
62|0	0.14285714285714285	0.14285714285714285	0.14285714285714285	0.2857142857142857	0.2857142857142857
63|0	0.14285714285714285	0.2857142857142857	0.0	0.2857142857142857	0.2857142857142857
64|0	0.42857142857142855	0.14285714285714285	0.0	0.0	0.42857142857142855
65|0	0.14285714285714285	0.42857142857142855	0.0	0.0	0.42857142857142855
66|0	0.42857142857142855	0.2857142857142857	0.0	0.14285714285714285	0.14285714285714285
67|0	0.8571428571428571	0.0	0.0	0.14285714285714285	0.0
68|0	0.75	0.0	0.0	0.0	0.25
69|0	0.5	0.0	0.125	0.125	0.25
70|0	0.5	0.125	0.0	0.125	0.25
71|0	0.375	0.125	0.0	0.125	0.375
72|0	0.25	0.25	0.0	0.125	0.375
73|0	0.0	0.375	0.0	0.0	0.625
74|0	0.625	0.25	0.0	0.0	0.125
75|0	0.625	0.0	0.125	0.0	0.25
76|0	0.375	0.125	0.0	0.125	0.375
77|0	0.375	0.25	0.0	0.125	0.25
78|0	0.375	0.25	0.0	0.0	0.375
79|0	0.375	0.125	0.0	0.125	0.375
80|0	0.25	0.25	0.0	0.125	0.375
81|0	0.125	0.25	0.0	0.0	0.625
82|0	0.75	0.125	0.0	0.0	0.125
83|0	0.75	0.125	0.0	0.0	0.125
84|0	0.25	0.25	0.0	0.125	0.375
85|0	0.25	0.375	0.0	0.0	0.375
86|0	0.25	0.25	0.0	0.125	0.375
87|0	0.375	0.125	0.0	0.0	0.5
88|0	0.25	0.25	0.0	0.0	0.5
89|0	1.0	0.0	0.0	0.0	0.0
90|0	0.25	0.25	0.0	0.0	0.5
91|0	0.125	0.25	0.0	0.0	0.625
92|0	0.25	0.375	0.0	0.0	0.375
93|0	0.375	0.25	0.0	0.0	0.375
94|0	0.0	0.5	0.0	0.0	0.5
95|0	0.875	0.0	0.0	0.125	0.0
96|0	0.875	0.0	0.0	0.125	0.0
97|0	0.75	0.0	0.0	0.125	0.125
98|0	0.5	0.25	0.0	0.0	0.25
99|0	0.3333333333333333	0.2222222222222222	0.0	0.0	0.4444444444444444
100|0	0.4444444444444444	0.1111111111111111	0.0	0.0	0.4444444444444444
101|0	0.2222222222222222	0.1111111111111111	0.1111111111111111	0.2222222222222222	0.3333333333333333
102|0	0.2222222222222222	0.2222222222222222	0.0	0.0	0.5555555555555556
103|0	0.4444444444444444	0.2222222222222222	0.1111111111111111	0.0	0.2222222222222222
105|0	0.4444444444444444	0.2222222222222222	0.1111111111111111	0.0	0.2222222222222222
106|0	0.5555555555555556	0.1111111111111111	0.0	0.0	0.3333333333333333
107|0	0.4444444444444444	0.1111111111111111	0.0	0.0	0.4444444444444444
108|0	0.4444444444444444	0.2222222222222222	0.0	0.0	0.3333333333333333
109|0	0.1111111111111111	0.3333333333333333	0.1111111111111111	0.0	0.4444444444444444
110|0	0.1111111111111111	0.4444444444444444	0.0	0.0	0.4444444444444444
111|0	0.2222222222222222	0.1111111111111111	0.2222222222222222	0.0	0.4444444444444444
112|0	0.2222222222222222	0.2222222222222222	0.1111111111111111	0.0	0.4444444444444444
113|0	0.2222222222222222	0.2222222222222222	0.1111111111111111	0.0	0.4444444444444444
114|0	0.3333333333333333	0.2222222222222222	0.1111111111111111	0.0	0.3333333333333333
115|0	0.1111111111111111	0.2222222222222222	0.1111111111111111	0.0	0.5555555555555556
116|0	0.1111111111111111	0.5555555555555556	0.1111111111111111	0.0	0.2222222222222222
117|0	0.5555555555555556	0.0	0.1111111111111111	0.0	0.3333333333333333
118|0	0.2222222222222222	0.2222222222222222	0.1111111111111111	0.0	0.4444444444444444
119|0	0.3333333333333333	0.1111111111111111	0.1111111111111111	0.0	0.4444444444444444
120|0	0.8888888888888888	0.0	0.0	0.1111111111111111	0.0
121|0	0.6666666666666666	0.1111111111111111	0.0	0.0	0.2222222222222222
122|0	0.5555555555555556	0.2222222222222222	0.0	0.0	0.2222222222222222
123|0	0.3	0.2	0.0	0.0	0.5
124|0	0.3	0.1	0.1	0.2	0.3
125|0	0.2	0.2	0.2	0.0	0.4
126|0	0.5	0.1	0.0	0.0	0.4
128|0	0.5	0.2	0.1	0.0	0.2
129|0	0.6	0.2	0.0	0.0	0.2
130|0	0.2727272727272727	0.18181818181818182	0.0	0.0	0.5454545454545454
131|0	0.2727272727272727	0.18181818181818182	0.09090909090909091	0.0	0.45454545454545453
132|0	0.2727272727272727	0.18181818181818182	0.0	0.0	0.5454545454545454
133|0	0.36363636363636365	0.18181818181818182	0.0	0.0	0.45454545454545453
134|0	0.36363636363636365	0.18181818181818182	0.0	0.0	0.45454545454545453
135|0	0.45454545454545453	0.18181818181818182	0.0	0.0	0.36363636363636365
136|0	0.2727272727272727	0.18181818181818182	0.0	0.09090909090909091	0.45454545454545453
137|0	0.2727272727272727	0.18181818181818182	0.0	0.0	0.5454545454545454
138|0	0.6363636363636364	0.18181818181818182	0.0	0.0	0.18181818181818182
139|0	0.08333333333333333	0.3333333333333333	0.16666666666666666	0.0	0.4166666666666667
140|0	0.08333333333333333	0.4166666666666667	0.16666666666666666	0.0	0.3333333333333333
141|0	0.7857142857142857	0.07142857142857142	0.0	0.07142857142857142	0.07142857142857142
142|0	0.2857142857142857	0.14285714285714285	0.42857142857142855	0.07142857142857142	0.07142857142857142
143|0	0.4	0.2	0.13333333333333333	0.06666666666666667	0.2
144|0	0.26666666666666666	0.13333333333333333	0.13333333333333333	0.06666666666666667	0.4
145|0	0.1875	0.1875	0.3125	0.0625	0.25
146|0	0.3125	0.1875	0.25	0.125	0.125
147|0	0.125	0.25	0.3125	0.0625	0.25
148|0	0.3125	0.125	0.3125	0.125	0.125
149|0	0.11764705882352941	0.23529411764705882	0.35294117647058826	0.058823529411764705	0.23529411764705882
150|0	0.47058823529411764	0.058823529411764705	0.29411764705882354	0.11764705882352941	0.058823529411764705
151|0	0.23529411764705882	0.11764705882352941	0.29411764705882354	0.11764705882352941	0.23529411764705882
152|0	0.4117647058823529	0.11764705882352941	0.29411764705882354	0.11764705882352941	0.058823529411764705
153|0	0.29411764705882354	0.11764705882352941	0.35294117647058826	0.11764705882352941	0.11764705882352941
154|0	0.23529411764705882	0.17647058823529413	0.35294117647058826	0.11764705882352941	0.11764705882352941
155|0	0.35294117647058826	0.11764705882352941	0.29411764705882354	0.11764705882352941	0.11764705882352941
156|0	0.17647058823529413	0.17647058823529413	0.35294117647058826	0.11764705882352941	0.17647058823529413
157|0	0.29411764705882354	0.11764705882352941	0.23529411764705882	0.17647058823529413	0.17647058823529413
158|0	0.17647058823529413	0.23529411764705882	0.11764705882352941	0.0	0.47058823529411764
159|0	0.23529411764705882	0.23529411764705882	0.17647058823529413	0.0	0.35294117647058826
160|0	0.2222222222222222	0.16666666666666666	0.2222222222222222	0.0	0.3888888888888889
161|0	0.3888888888888889	0.2222222222222222	0.1111111111111111	0.1111111111111111	0.16666666666666666
162|0	0.2777777777777778	0.2222222222222222	0.16666666666666666	0.0	0.3333333333333333
163|0	0.2222222222222222	0.2222222222222222	0.1111111111111111	0.0	0.4444444444444444
164|0	0.2222222222222222	0.2222222222222222	0.1111111111111111	0.0	0.4444444444444444
165|0	0.2777777777777778	0.2777777777777778	0.05555555555555555	0.0	0.3888888888888889
166|0	0.2631578947368421	0.10526315789473684	0.3684210526315789	0.10526315789473684	0.15789473684210525
167|0	0.3157894736842105	0.10526315789473684	0.15789473684210525	0.05263157894736842	0.3684210526315789
168|0	0.2631578947368421	0.21052631578947367	0.10526315789473684	0.0	0.42105263157894735
169|0	0.2631578947368421	0.21052631578947367	0.15789473684210525	0.0	0.3684210526315789
170|0	0.3	0.2	0.15	0.0	0.35
171|0	0.25	0.2	0.15	0.0	0.4
172|0	0.3	0.2	0.1	0.0	0.4
173|0	0.25	0.2	0.15	0.0	0.4
174|0	0.2857142857142857	0.14285714285714285	0.14285714285714285	0.0	0.42857142857142855
175|0	0.47619047619047616	0.19047619047619047	0.0	0.047619047619047616	0.2857142857142857
176|0	0.3333333333333333	0.19047619047619047	0.09523809523809523	0.0	0.38095238095238093
177|0	0.3333333333333333	0.19047619047619047	0.14285714285714285	0.0	0.3333333333333333
178|0	0.3333333333333333	0.19047619047619047	0.09523809523809523	0.0	0.38095238095238093
179|0	0.3333333333333333	0.19047619047619047	0.09523809523809523	0.0	0.38095238095238093
180|0	0.2857142857142857	0.19047619047619047	0.14285714285714285	0.0	0.38095238095238093
181|0	0.3333333333333333	0.19047619047619047	0.09523809523809523	0.0	0.38095238095238093
182|0	0.2857142857142857	0.14285714285714285	0.14285714285714285	0.0	0.42857142857142855
183|0	0.2857142857142857	0.14285714285714285	0.14285714285714285	0.0	0.42857142857142855
184|0	0.6818181818181818	0.045454545454545456	0.13636363636363635	0.045454545454545456	0.09090909090909091
185|0	0.30434782608695654	0.13043478260869565	0.13043478260869565	0.0	0.43478260869565216
186|0	0.21739130434782608	0.21739130434782608	0.21739130434782608	0.0	0.34782608695652173
187|0	0.21739130434782608	0.13043478260869565	0.21739130434782608	0.043478260869565216	0.391304347826087
188|0	0.6956521739130435	0.043478260869565216	0.13043478260869565	0.043478260869565216	0.08695652173913043
189|0	0.25	0.125	0.20833333333333334	0.0	0.4166666666666667
190|0	0.25	0.125	0.16666666666666666	0.0	0.4583333333333333
191|0	0.16666666666666666	0.125	0.20833333333333334	0.0	0.5
192|0	0.32	0.08	0.16	0.04	0.4
193|0	0.32	0.08	0.12	0.04	0.44
194|0	0.6	0.08	0.12	0.04	0.16
195|0	0.38461538461538464	0.15384615384615385	0.23076923076923078	0.0	0.23076923076923078
196|0	0.4444444444444444	0.1111111111111111	0.1111111111111111	0.1111111111111111	0.2222222222222222
197|0	0.4074074074074074	0.07407407407407407	0.18518518518518517	0.07407407407407407	0.25925925925925924
198|0	0.32142857142857145	0.21428571428571427	0.07142857142857142	0.03571428571428571	0.35714285714285715
199|0	0.36666666666666664	0.16666666666666666	0.1	0.06666666666666667	0.3
200|0	0.6	0.03333333333333333	0.23333333333333334	0.0	0.13333333333333333
13|1	0.3333333333333333	0.2222222222222222	0.0	0.1111111111111111	0.3333333333333333
59|1	0.4666666666666667	0.13333333333333333	0.0	0.13333333333333333	0.26666666666666666
93|1	0.27586206896551724	0.10344827586206896	0.10344827586206896	0.0	0.5172413793103449
146|1	0.4186046511627907	0.046511627906976744	0.18604651162790697	0.20930232558139536	0.13953488372093023
149|1	0.2727272727272727	0.06818181818181818	0.11363636363636363	0.09090909090909091	0.45454545454545453
155|1	0.4375	0.041666666666666664	0.10416666666666667	0.0625	0.3541666666666667
1|1	0.2857142857142857	0.0	0.14285714285714285	0.14285714285714285	0.42857142857142855
2|1	0.125	0.25	0.125	0.125	0.375
3|1	0.25	0.25	0.0	0.125	0.375
4|1	0.2222222222222222	0.0	0.0	0.0	0.7777777777777778
5|1	0.3333333333333333	0.1111111111111111	0.2222222222222222	0.1111111111111111	0.2222222222222222
6|1	0.6666666666666666	0.0	0.1111111111111111	0.0	0.2222222222222222
7|1	0.2222222222222222	0.1111111111111111	0.2222222222222222	0.0	0.4444444444444444
8|1	0.3333333333333333	0.0	0.3333333333333333	0.0	0.3333333333333333
9|1	0.1111111111111111	0.3333333333333333	0.2222222222222222	0.0	0.3333333333333333
10|1	0.2222222222222222	0.2222222222222222	0.2222222222222222	0.0	0.3333333333333333
11|1	0.6	0.0	0.1	0.0	0.3
12|1	0.5	0.0	0.2	0.2	0.1
14|1	0.5	0.1	0.0	0.2	0.2
15|1	0.2	0.1	0.1	0.2	0.4
16|1	0.5454545454545454	0.0	0.36363636363636365	0.0	0.09090909090909091
17|1	0.5454545454545454	0.0	0.18181818181818182	0.0	0.2727272727272727
18|1	0.5454545454545454	0.18181818181818182	0.0	0.09090909090909091	0.18181818181818182
19|1	0.36363636363636365	0.2727272727272727	0.0	0.09090909090909091	0.2727272727272727
20|1	0.36363636363636365	0.0	0.09090909090909091	0.0	0.5454545454545454
21|1	0.36363636363636365	0.0	0.18181818181818182	0.0	0.45454545454545453
22|1	0.3333333333333333	0.08333333333333333	0.16666666666666666	0.0	0.4166666666666667
23|1	0.75	0.0	0.08333333333333333	0.0	0.16666666666666666
24|1	0.25	0.08333333333333333	0.0	0.0	0.6666666666666666
25|1	0.7692307692307693	0.07692307692307693	0.07692307692307693	0.0	0.07692307692307693
26|1	0.6153846153846154	0.07692307692307693	0.07692307692307693	0.0	0.23076923076923078
27|1	0.6153846153846154	0.07692307692307693	0.23076923076923078	0.0	0.07692307692307693
28|1	0.6923076923076923	0.07692307692307693	0.07692307692307693	0.0	0.15384615384615385
29|1	0.7692307692307693	0.0	0.0	0.0	0.23076923076923078
30|1	0.6923076923076923	0.0	0.0	0.0	0.3076923076923077
31|1	0.6923076923076923	0.07692307692307693	0.07692307692307693	0.0	0.15384615384615385
32|1	0.38461538461538464	0.3076923076923077	0.15384615384615385	0.0	0.15384615384615385
33|1	0.5384615384615384	0.15384615384615385	0.07692307692307693	0.07692307692307693	0.15384615384615385
34|1	0.5384615384615384	0.07692307692307693	0.07692307692307693	0.07692307692307693	0.23076923076923078
35|1	0.6153846153846154	0.15384615384615385	0.07692307692307693	0.0	0.15384615384615385
36|1	0.6428571428571429	0.07142857142857142	0.21428571428571427	0.0	0.07142857142857142
37|1	0.5	0.07142857142857142	0.21428571428571427	0.14285714285714285	0.07142857142857142
38|1	0.7142857142857143	0.0	0.21428571428571427	0.0	0.07142857142857142
39|1	0.14285714285714285	0.07142857142857142	0.0	0.0	0.7857142857142857
40|1	0.14285714285714285	0.21428571428571427	0.21428571428571427	0.0	0.42857142857142855
41|1	0.4	0.13333333333333333	0.06666666666666667	0.06666666666666667	0.3333333333333333
42|1	0.3333333333333333	0.0	0.13333333333333333	0.26666666666666666	0.26666666666666666
43|1	0.8	0.0	0.13333333333333333	0.0	0.06666666666666667
44|1	0.7333333333333333	0.06666666666666667	0.13333333333333333	0.0	0.06666666666666667
45|1	0.1875	0.0625	0.1875	0.0	0.5625
46|1	0.1875	0.0	0.25	0.0	0.5625
47|1	0.6875	0.0625	0.125	0.0625	0.0625
48|1	0.6875	0.0625	0.125	0.0625	0.0625
49|1	0.6875	0.0625	0.125	0.0625	0.0625
50|1	0.6875	0.0	0.0625	0.0625	0.1875
51|1	0.5294117647058824	0.058823529411764705	0.17647058823529413	0.058823529411764705	0.17647058823529413
52|1	0.17647058823529413	0.23529411764705882	0.35294117647058826	0.0	0.23529411764705882
53|1	0.35294117647058826	0.11764705882352941	0.23529411764705882	0.0	0.29411764705882354
54|1	0.11764705882352941	0.11764705882352941	0.23529411764705882	0.0	0.5294117647058824
55|1	0.17647058823529413	0.11764705882352941	0.29411764705882354	0.058823529411764705	0.35294117647058826
56|1	0.1111111111111111	0.2777777777777778	0.3888888888888889	0.0	0.2222222222222222
57|1	0.1111111111111111	0.2777777777777778	0.3888888888888889	0.0	0.2222222222222222
58|1	0.7222222222222222	0.0	0.1111111111111111	0.0	0.16666666666666666
60|1	0.7222222222222222	0.05555555555555555	0.1111111111111111	0.0	0.1111111111111111
61|1	0.5555555555555556	0.05555555555555555	0.2777777777777778	0.0	0.1111111111111111
62|1	0.5789473684210527	0.0	0.0	0.0	0.42105263157894735
63|1	0.5789473684210527	0.10526315789473684	0.21052631578947367	0.05263157894736842	0.05263157894736842
64|1	0.7368421052631579	0.0	0.15789473684210525	0.05263157894736842	0.05263157894736842
65|1	0.5263157894736842	0.05263157894736842	0.15789473684210525	0.0	0.2631578947368421
66|1	0.6	0.0	0.15	0.1	0.15
67|1	0.5	0.05	0.15	0.0	0.3
68|1	0.65	0.1	0.1	0.0	0.15
69|1	0.55	0.05	0.3	0.05	0.05
70|1	0.15	0.1	0.2	0.0	0.55
71|1	0.47619047619047616	0.19047619047619047	0.0	0.0	0.3333333333333333
72|1	0.5416666666666666	0.08333333333333333	0.20833333333333334	0.041666666666666664	0.125
73|1	0.5	0.08333333333333333	0.20833333333333334	0.041666666666666664	0.16666666666666666
74|1	0.5	0.041666666666666664	0.25	0.041666666666666664	0.16666666666666666
75|1	0.4583333333333333	0.08333333333333333	0.20833333333333334	0.08333333333333333	0.16666666666666666
76|1	0.5	0.08333333333333333	0.20833333333333334	0.041666666666666664	0.16666666666666666
77|1	0.4166666666666667	0.16666666666666666	0.16666666666666666	0.041666666666666664	0.20833333333333334
78|1	0.5833333333333334	0.0	0.3333333333333333	0.0	0.08333333333333333
79|1	0.25	0.08333333333333333	0.0	0.0	0.6666666666666666
80|1	0.52	0.0	0.32	0.08	0.08
81|1	0.52	0.12	0.36	0.0	0.0
82|1	0.52	0.12	0.36	0.0	0.0
83|1	0.6	0.08	0.12	0.08	0.12
84|1	0.34615384615384615	0.0	0.46153846153846156	0.11538461538461539	0.07692307692307693
85|1	0.15384615384615385	0.23076923076923078	0.3076923076923077	0.0	0.3076923076923077
86|1	0.5769230769230769	0.11538461538461539	0.15384615384615385	0.0	0.15384615384615385
87|1	0.7037037037037037	0.037037037037037035	0.14814814814814814	0.0	0.1111111111111111
88|1	0.5714285714285714	0.03571428571428571	0.14285714285714285	0.03571428571428571	0.21428571428571427
89|1	0.41379310344827586	0.10344827586206896	0.2413793103448276	0.034482758620689655	0.20689655172413793
90|1	0.41379310344827586	0.10344827586206896	0.20689655172413793	0.034482758620689655	0.2413793103448276
91|1	0.4827586206896552	0.10344827586206896	0.20689655172413793	0.10344827586206896	0.10344827586206896
92|1	0.6551724137931034	0.034482758620689655	0.13793103448275862	0.034482758620689655	0.13793103448275862
94|1	0.6666666666666666	0.03333333333333333	0.13333333333333333	0.03333333333333333	0.13333333333333333
95|1	0.3333333333333333	0.0	0.16666666666666666	0.0	0.5
96|1	0.3548387096774194	0.06451612903225806	0.22580645161290322	0.12903225806451613	0.22580645161290322
97|1	0.5806451612903226	0.06451612903225806	0.16129032258064516	0.03225806451612903	0.16129032258064516
98|1	0.3225806451612903	0.06451612903225806	0.25806451612903225	0.0	0.3548387096774194
99|1	0.21875	0.0625	0.25	0.03125	0.4375
100|1	0.45454545454545453	0.06060606060606061	0.15151515151515152	0.06060606060606061	0.2727272727272727
101|1	0.45454545454545453	0.09090909090909091	0.18181818181818182	0.030303030303030304	0.24242424242424243
102|1	0.24242424242424243	0.12121212121212122	0.30303030303030304	0.030303030303030304	0.30303030303030304
103|1	0.30303030303030304	0.12121212121212122	0.24242424242424243	0.030303030303030304	0.30303030303030304
104|1	0.21212121212121213	0.09090909090909091	0.21212121212121213	0.06060606060606061	0.42424242424242425
105|1	0.6363636363636364	0.030303030303030304	0.18181818181818182	0.06060606060606061	0.09090909090909091
106|1	0.3939393939393939	0.09090909090909091	0.30303030303030304	0.030303030303030304	0.18181818181818182
107|1	0.5	0.08823529411764706	0.14705882352941177	0.0	0.2647058823529412
108|1	0.2222222222222222	0.16666666666666666	0.19444444444444445	0.027777777777777776	0.3888888888888889
109|1	0.2222222222222222	0.16666666666666666	0.16666666666666666	0.027777777777777776	0.4166666666666667
110|1	0.3333333333333333	0.16666666666666666	0.19444444444444445	0.027777777777777776	0.2777777777777778
111|1	0.2702702702702703	0.13513513513513514	0.24324324324324326	0.0	0.35135135135135137
112|1	0.4864864864864865	0.05405405405405406	0.16216216216216217	0.05405405405405406	0.24324324324324326
113|1	0.3783783783783784	0.10810810810810811	0.2702702702702703	0.05405405405405406	0.1891891891891892
114|1	0.35135135135135137	0.13513513513513514	0.2702702702702703	0.08108108108108109	0.16216216216216217
115|1	0.40540540540540543	0.08108108108108109	0.2702702702702703	0.08108108108108109	0.16216216216216217
116|1	0.35135135135135137	0.10810810810810811	0.2702702702702703	0.05405405405405406	0.21621621621621623
117|1	0.35135135135135137	0.05405405405405406	0.10810810810810811	0.08108108108108109	0.40540540540540543
118|1	0.3157894736842105	0.07894736842105263	0.18421052631578946	0.05263157894736842	0.3684210526315789
119|1	0.2631578947368421	0.13157894736842105	0.23684210526315788	0.0	0.3684210526315789
120|1	0.2894736842105263	0.13157894736842105	0.18421052631578946	0.0	0.39473684210526316
121|1	0.38461538461538464	0.10256410256410256	0.05128205128205128	0.0	0.46153846153846156
122|1	0.46153846153846156	0.05128205128205128	0.15384615384615385	0.15384615384615385	0.1794871794871795
123|1	0.55	0.0	0.1	0.15	0.2
124|1	0.45	0.05	0.15	0.025	0.325
125|1	0.3	0.125	0.225	0.025	0.325
126|1	0.36585365853658536	0.04878048780487805	0.12195121951219512	0.04878048780487805	0.4146341463414634
127|1	0.3902439024390244	0.04878048780487805	0.0975609756097561	0.04878048780487805	0.4146341463414634
128|1	0.2926829268292683	0.07317073170731707	0.0975609756097561	0.0	0.5365853658536586
129|1	0.23809523809523808	0.21428571428571427	0.19047619047619047	0.023809523809523808	0.3333333333333333
130|1	0.23809523809523808	0.21428571428571427	0.19047619047619047	0.023809523809523808	0.3333333333333333
131|1	0.3333333333333333	0.07142857142857142	0.14285714285714285	0.21428571428571427	0.23809523809523808
132|1	0.23809523809523808	0.09523809523809523	0.16666666666666666	0.09523809523809523	0.40476190476190477
133|1	0.4186046511627907	0.09302325581395349	0.11627906976744186	0.023255813953488372	0.3488372093023256
134|1	0.5581395348837209	0.06976744186046512	0.06976744186046512	0.09302325581395349	0.20930232558139536
135|1	0.3488372093023256	0.06976744186046512	0.18604651162790697	0.023255813953488372	0.37209302325581395
136|1	0.4883720930232558	0.09302325581395349	0.11627906976744186	0.023255813953488372	0.27906976744186046
137|1	0.46511627906976744	0.046511627906976744	0.13953488372093023	0.046511627906976744	0.3023255813953488
138|1	0.4418604651162791	0.046511627906976744	0.13953488372093023	0.046511627906976744	0.32558139534883723
139|1	0.46511627906976744	0.0	0.16279069767441862	0.046511627906976744	0.32558139534883723
140|1	0.3409090909090909	0.06818181818181818	0.25	0.0	0.3409090909090909
141|1	0.25	0.1590909090909091	0.13636363636363635	0.0	0.45454545454545453
142|1	0.3181818181818182	0.11363636363636363	0.13636363636363635	0.09090909090909091	0.3409090909090909
143|1	0.4090909090909091	0.09090909090909091	0.1590909090909091	0.06818181818181818	0.2727272727272727
144|1	0.36363636363636365	0.09090909090909091	0.18181818181818182	0.09090909090909091	0.2727272727272727
145|1	0.2727272727272727	0.13636363636363635	0.13636363636363635	0.11363636363636363	0.3409090909090909
147|1	0.4222222222222222	0.08888888888888889	0.26666666666666666	0.1111111111111111	0.1111111111111111
148|1	0.2608695652173913	0.10869565217391304	0.15217391304347827	0.08695652173913043	0.391304347826087
150|1	0.3617021276595745	0.06382978723404255	0.0851063829787234	0.1276595744680851	0.3617021276595745
151|1	0.3617021276595745	0.06382978723404255	0.06382978723404255	0.1276595744680851	0.3829787234042553
152|1	0.3958333333333333	0.041666666666666664	0.10416666666666667	0.16666666666666666	0.2916666666666667
153|1	0.5	0.041666666666666664	0.25	0.041666666666666664	0.16666666666666666
154|1	0.34	0.02	0.06	0.24	0.34
156|1	0.16	0.04	0.22	0.14	0.44
157|1	0.28	0.1	0.18	0.08	0.36
158|1	0.35294117647058826	0.0784313725490196	0.0784313725490196	0.11764705882352941	0.37254901960784315
159|1	0.37254901960784315	0.058823529411764705	0.09803921568627451	0.13725490196078433	0.3333333333333333
160|1	0.27450980392156865	0.09803921568627451	0.29411764705882354	0.058823529411764705	0.27450980392156865
161|1	0.37254901960784315	0.058823529411764705	0.11764705882352941	0.13725490196078433	0.3137254901960784
162|1	0.3076923076923077	0.07692307692307693	0.1346153846153846	0.1346153846153846	0.34615384615384615
163|1	0.3076923076923077	0.07692307692307693	0.1346153846153846	0.15384615384615385	0.3269230769230769
164|1	0.4230769230769231	0.07692307692307693	0.09615384615384616	0.038461538461538464	0.36538461538461536
165|1	0.38461538461538464	0.019230769230769232	0.038461538461538464	0.21153846153846154	0.34615384615384615
166|1	0.33962264150943394	0.09433962264150944	0.07547169811320754	0.09433962264150944	0.39622641509433965
167|1	0.5094339622641509	0.0	0.07547169811320754	0.1320754716981132	0.2830188679245283
168|1	0.34545454545454546	0.03636363636363636	0.14545454545454545	0.05454545454545454	0.41818181818181815
169|1	0.3392857142857143	0.10714285714285714	0.23214285714285715	0.10714285714285714	0.21428571428571427
170|1	0.26785714285714285	0.07142857142857142	0.125	0.10714285714285714	0.42857142857142855
171|1	0.44642857142857145	0.07142857142857142	0.125	0.08928571428571429	0.26785714285714285
172|1	0.42857142857142855	0.14285714285714285	0.07142857142857142	0.017857142857142856	0.3392857142857143
173|1	0.3508771929824561	0.05263157894736842	0.12280701754385964	0.17543859649122806	0.2982456140350877
174|1	0.3508771929824561	0.05263157894736842	0.12280701754385964	0.17543859649122806	0.2982456140350877
175|1	0.6140350877192983	0.05263157894736842	0.12280701754385964	0.08771929824561403	0.12280701754385964
176|1	0.38596491228070173	0.08771929824561403	0.017543859649122806	0.15789473684210525	0.3508771929824561
177|1	0.3508771929824561	0.017543859649122806	0.15789473684210525	0.05263157894736842	0.42105263157894735
178|1	0.5614035087719298	0.08771929824561403	0.10526315789473684	0.08771929824561403	0.15789473684210525
179|1	0.543859649122807	0.07017543859649122	0.12280701754385964	0.07017543859649122	0.19298245614035087
180|1	0.5964912280701754	0.05263157894736842	0.10526315789473684	0.10526315789473684	0.14035087719298245
181|1	0.2542372881355932	0.13559322033898305	0.05084745762711865	0.1694915254237288	0.3898305084745763
182|1	0.6101694915254238	0.05084745762711865	0.1694915254237288	0.05084745762711865	0.11864406779661017
183|1	0.2833333333333333	0.03333333333333333	0.2	0.1	0.38333333333333336
184|1	0.21666666666666667	0.08333333333333333	0.13333333333333333	0.18333333333333332	0.38333333333333336
185|1	0.6166666666666667	0.05	0.11666666666666667	0.08333333333333333	0.13333333333333333
186|1	0.4426229508196721	0.06557377049180328	0.11475409836065574	0.13114754098360656	0.2459016393442623
187|1	0.2459016393442623	0.16393442622950818	0.13114754098360656	0.08196721311475409	0.3770491803278688
188|1	0.45901639344262296	0.11475409836065574	0.08196721311475409	0.03278688524590164	0.3114754098360656
189|1	0.39344262295081966	0.04918032786885246	0.16393442622950818	0.19672131147540983	0.19672131147540983
190|1	0.46774193548387094	0.06451612903225806	0.11290322580645161	0.04838709677419355	0.3064516129032258
191|1	0.3870967741935484	0.08064516129032258	0.16129032258064516	0.1774193548387097	0.1935483870967742
192|1	0.5161290322580645	0.11290322580645161	0.11290322580645161	0.04838709677419355	0.20967741935483872
193|1	0.45161290322580644	0.06451612903225806	0.16129032258064516	0.12903225806451613	0.1935483870967742
194|1	0.3064516129032258	0.0967741935483871	0.14516129032258066	0.14516129032258066	0.3064516129032258
195|1	0.25396825396825395	0.1111111111111111	0.047619047619047616	0.15873015873015872	0.42857142857142855
196|1	0.47619047619047616	0.09523809523809523	0.09523809523809523	0.031746031746031744	0.30158730158730157
197|1	0.3333333333333333	0.07936507936507936	0.15873015873015872	0.06349206349206349	0.36507936507936506
198|1	0.38095238095238093	0.07936507936507936	0.14285714285714285	0.06349206349206349	0.3333333333333333
199|1	0.375	0.125	0.125	0.0625	0.3125
200|1	0.265625	0.171875	0.15625	0.0625	0.34375
